36
144 2
2159 86252 
841 3
53547 18412 97336 
13 2
27540 35977 
231 7
32684 63041 51340 49217 2623 32599 23534 
281 8
34826 61772 28028 44849 35282 98763 58260 39307 
198 4
67461 85926 72862 43277 
44 8
67337 7177 27027 19798 11301 6481 12732 48493 
463 10
3496 77430 72088 55917 16211 4723 69374 9592 84698 51567 
552 12
19646 55545 64790 37990 49661 43328 47379 95124 25992 9877 26350 94290 
328 12
43999 34807 33740 367 19780 96227 53214 49207 81785 25160 33938 19527 
682 7
2095 36725 64141 71748 99911 62803 37421 
386 14
85219 6016 41109 46755 89204 23902 17512 67088 65711 31085 18421 36458 43600 33385 
70 7
51218 46955 64693 39147 12609 59038 69450 
856 16
20892 93699 10159 24378 44849 9664 45789 48369 18910 57723 76147 11792 35138 62884 28726 28413 
541 17
93418 30209 53375 96782 73074 24930 80208 51843 34813 62190 65129 54475 27260 93491 43135 59810 1339 
948 17
47500 55675 53225 49716 25708 11347 28157 6900 36420 79672 91111 39578 8941 96773 39097 89537 98258 
762 19
55343 48424 8710 82838 51709 77147 12704 5687 10739 65447 7198 71309 22616 86598 34911 74542 44445 9091 67087 
406 19
80456 76263 38572 39409 5175 11373 32315 54313 7785 84733 15264 71181 97729 82163 95533 43520 33777 22702 83364 
275 21
78046 13727 44687 24185 19197 87440 56813 34654 62421 89075 65345 38324 28202 15809 90778 80390 37622 68837 56099 58119 5874 
936 11
16142 89443 73598 6219 43530 31663 30600 35974 91792 30618 61472 
435 22
31747 84965 95703 32522 11718 46239 95274 87514 56133 58609 35239 97688 468 81036 34241 48405 3191 40494 37475 34335 79112 21866 
450 23
98694 62328 41943 34350 25354 361 99360 41428 5722 54622 78089 38383 17196 69742 26416 33142 57628 29185 33222 16126 1731 34850 96331 
146 24
65104 46781 10833 34321 77474 88157 91766 16197 97504 57078 60993 93375 59379 95077 70432 24728 8225 24660 45698 49987 56219 51690 64312 65870 
120 12
26106 84406 85140 44585 32188 37305 54379 8848 90825 77479 25587 27416 
761 25
95034 41509 32368 37498 42292 25330 35721 87097 31384 90488 7130 11921 38096 78140 41984 6162 32275 15455 24676 96592 43034 98277 77219 50358 83559 
81 13
86279 79511 79916 24063 18456 30539 2707 9268 61114 37652 53156 4736 31106 
251 27
5023 74475 59666 51955 52965 28428 52782 23460 55044 82046 51614 41598 37376 2938 17499 58172 87226 65343 88204 5878 8838 79361 8936 7812 10209 57243 79127 
565 27
11011 55720 34974 81791 82707 59448 96649 99859 49006 54181 44973 2500 86886 17779 21867 68289 46138 9327 77673 7647 15498 23335 47926 28502 11480 73215 18298 
947 27
73509 34602 8117 59511 81270 91011 82256 11564 24972 13839 80836 49718 74577 1913 35542 15019 73754 62587 1361 34394 55387 28423 5331 81284 3174 34904 49411 
471 14
3483 73200 35339 32118 12704 15816 81107 51538 6961 90830 99955 18841 14167 73414 
416 15
77021 61303 72703 17330 70897 14666 43182 79390 75226 17636 94715 1804 78105 92947 85126 
278 16
13948 42949 19802 83635 43132 36671 48655 28802 190 91264 88276 74880 39290 19858 30594 19026 
222 14
69285 47044 73724 28998 96101 83844 33105 2623 5567 37964 6498 21552 21057 82418 
430 10
75544 76728 61177 1718 85302 16660 92706 31546 74663 33726 
85 9
11414 9166 3402 10038 63509 2631 23711 90886 87157 
882 2
22896 68040 
