199
3216 11
14944 81216 66583 74598 70762 20333 9436 72361 79179 74588 21563 
1403 12
10231 42019 40767 74162 80403 59518 58077 60650 94238 68456 55951 8000 
1549 11
5245 36648 25013 61854 98461 47431 39536 52239 78457 92602 52007 
4724 10
30970 93002 61668 89948 10120 88888 27207 45997 70830 84899 
2898 13
31889 40590 18833 73496 69486 15175 27128 8979 4151 3733 96321 26924 39434 
3324 13
63905 77126 98469 63487 49851 6316 23321 16067 27589 56075 65658 80630 29258 
1470 16
14903 23366 76277 25241 55394 95132 65082 58597 88669 80351 40701 11762 91232 42391 50506 12250 
1459 11
51146 78474 935 22510 43644 1646 27701 37665 31858 45499 70489 
8404 10
37115 58196 82120 96954 13368 38866 36801 91728 13529 44882 
5183 16
77213 15272 98307 16578 58191 87588 30363 45499 12674 96415 40603 15475 67503 1046 4666 34946 
6559 15
79134 54466 32993 69005 63406 85010 42056 20328 77860 99683 16951 43420 60536 59253 79197 
9286 19
26395 61292 4490 66849 91755 43336 12145 99937 86477 87900 44411 50225 27276 78822 33249 26962 11219 4073 5441 
5483 20
31651 85428 19870 56583 64670 79057 6052 71115 90682 58692 48618 61410 43895 3007 27152 53064 54838 70522 471 72869 
2376 19
42899 49492 37443 15707 23742 10170 91467 93898 52992 54962 75624 1632 5633 88182 98333 77479 12138 20487 24430 
5222 19
87267 68892 59049 41400 17264 9465 24693 4876 76267 10641 54397 59752 48701 97060 26173 83599 80462 98254 93170 
9146 10
41164 39507 16783 3122 89996 85927 67219 98259 72429 22583 
6934 13
31381 71508 61838 86885 37761 53983 48481 32950 16373 74367 24894 98240 8692 
4032 16
52001 66853 42375 20194 68112 75291 7520 96724 35908 62227 40324 32155 59059 51048 92981 14852 
1491 10
64376 26376 32804 36866 52258 89224 72736 46948 40304 40610 
3568 16
99956 66803 31134 3120 37582 40438 57089 9324 38169 20511 38570 1417 34112 88971 5430 15600 
6299 12
5192 70426 34082 27430 11206 92565 19280 756 26663 26214 88770 37835 
1970 11
13325 17137 60864 60718 71777 35806 22341 30317 49785 80411 92429 
6937 20
47247 6552 36164 20272 60107 44769 97743 90470 96138 26012 62652 62072 2814 33859 15426 64550 63659 89923 80846 85692 
8176 13
899 91599 9621 57667 42862 14628 16355 14198 18106 16290 40020 86706 44656 
7571 18
81760 84042 86307 50211 35514 47873 32320 98311 92146 20278 77627 14527 46106 14748 94825 78861 38860 25497 
4963 18
47826 39937 99191 21883 13355 36289 28802 32355 67334 31380 61153 99629 28048 21360 34875 44372 42460 62023 
3883 15
24416 33589 45299 73083 51928 48709 42944 44369 60726 73176 52270 22713 81808 97903 99574 
3340 18
1489 7453 23964 31484 96673 54815 8177 46621 45755 89643 76201 66710 64382 37866 33191 77225 34884 82696 
8633 18
65450 6963 24477 31777 71976 45900 46131 98111 38962 9625 46064 66129 67844 44818 39974 53911 8506 24125 
2074 17
51412 44979 99422 65019 93740 22159 9542 26233 34582 69436 11830 72944 96591 97607 9539 59350 98036 
8283 17
93624 96375 84177 91275 52552 75797 93762 77395 75951 13885 69572 94482 81890 34666 21288 778 29584 
1630 10
14764 44063 74771 30501 82512 84827 4576 20363 85785 36035 
601 11
63440 89734 77085 41848 67317 26911 35850 71690 55818 5774 94757 
6355 16
84084 44783 10185 70258 65387 56480 97645 50907 41965 20133 94618 17030 31177 33872 62766 91485 
4297 19
8519 19612 5924 85081 25838 35826 55765 596 7838 75660 41818 28652 71757 10514 50128 81533 77693 40342 40293 
5250 16
71929 62578 36612 77412 86246 3481 87580 16310 95426 53617 87670 29546 31086 53051 49622 7011 
9738 12
5879 99559 77572 91283 90910 61396 65988 61321 67808 57908 49316 40248 
2386 13
82456 59997 74830 71459 99353 29437 68008 75808 17124 79983 75001 35659 3100 
9218 11
24201 70639 23172 8590 89612 27311 50339 68963 41448 71906 35538 
7046 16
20076 78957 86474 59209 97324 12637 9189 78128 3432 90356 80987 47103 57174 19097 68407 25156 
4 12
88055 84490 39112 16808 75782 24927 14116 89089 3437 50423 7521 7431 
8673 17
85016 49139 5764 26241 55022 66372 36169 30594 42713 19193 49726 2635 55372 65759 41820 90983 39802 
8243 10
638 40459 57482 61019 3259 93152 78655 81504 63983 19476 
6829 19
34523 52615 60881 27337 11981 29348 60934 9010 25090 11544 68828 74908 50086 6498 83846 45522 69860 2609 54721 
311 16
16057 90667 77658 14278 23380 294 81915 61621 9234 51679 37806 25499 99037 12715 62846 98158 
443 17
3727 21264 42772 37035 95877 10909 33594 64990 76426 37258 95909 87797 41537 85483 5945 86652 33760 
1568 14
4870 28304 11564 53185 88676 97471 97741 88410 34664 42221 59420 43656 89399 91789 
3444 14
69317 39250 17112 28590 44469 68979 98937 37457 80839 82303 58910 36044 41648 48528 
3556 13
63910 94722 73588 92042 3563 50333 65954 48648 21007 23675 8144 52999 47632 
2395 10
48699 78730 84645 65485 22713 37167 32028 56459 55498 29566 
3931 10
61412 37479 94255 51555 28675 79350 934 93226 91009 71748 
3269 10
74819 4228 10512 90162 87766 91649 9269 26409 97599 76348 
9298 18
69121 73334 34485 70235 33256 58005 62084 39454 54793 69516 30363 47822 55680 31280 72773 26414 15972 36779 
1656 18
1053 65224 23470 61273 86226 19251 24609 97291 35245 93771 72509 60616 37811 43936 44711 87475 88168 25507 
8870 11
44939 92039 35629 50069 97506 18761 81469 93405 9805 12501 50887 
6309 20
87322 38955 63596 86093 21737 96428 14653 45999 93976 80460 26640 95180 75658 79448 17753 95246 38032 48809 11607 82507 
3418 15
8222 37794 19757 67750 28143 4314 92780 96870 78891 39322 98243 21134 48325 12207 65342 
7673 16
99132 41965 33619 79896 82362 63693 3346 94684 85973 50561 64448 86700 94213 52006 68285 6644 
6732 20
73562 13724 8321 11427 54041 64978 6926 93576 5703 42076 15518 29216 28875 68300 41210 51248 18926 63448 20435 1786 
6866 15
91368 98480 25496 5166 8553 64764 65174 9448 30622 4819 79346 91843 55404 31645 91496 
5835 10
89745 78040 67862 93568 48697 30382 93577 73781 6703 24979 
5133 17
99482 93696 64838 26207 17263 20136 6293 48956 11041 10317 92591 39849 28588 58590 38288 14061 96547 
989 10
49599 80545 20534 57504 24957 80725 77558 34191 37938 52770 
9882 11
92736 11092 58055 21506 407 87633 67493 58916 95506 34929 88230 
4431 20
63847 17664 28784 55114 57498 14772 7277 45797 55444 91132 41337 74076 27275 5799 79125 41381 60032 86464 18859 38796 
8064 11
96068 41236 52746 62486 84173 61941 42075 68566 89668 65211 76477 
5434 14
11018 88996 90886 27595 42230 76683 59957 303 24601 24010 11851 47199 79426 89994 
1207 16
39224 80714 48526 76575 29096 46375 54540 97222 49805 74174 57280 80465 79181 70794 38583 13873 
5999 14
75402 33623 96427 69509 10128 21000 41739 11566 50054 42056 89070 75664 70701 59137 
201 14
37292 43702 10122 9003 59402 36432 55418 97865 22782 71461 41939 45238 16015 71506 
6645 11
55235 80150 82989 68788 5018 73926 6841 67775 22571 11090 98520 
7468 12
13598 96293 82111 67830 33073 68262 26244 44624 37412 6968 71658 85876 
7052 13
83861 33603 69557 79572 58635 79005 84321 27824 64839 62402 40929 87600 69910 
1131 16
84936 46634 76179 63375 84751 10202 90313 29938 59249 27654 77825 48814 57994 77562 51954 1711 
7990 11
85600 80523 73836 13950 77378 35875 9040 57971 10398 87856 31814 
2782 11
7826 13815 64784 82323 81573 18103 8202 35129 20879 39935 49505 
4166 13
2875 76300 30910 7037 87852 54322 32465 528 52657 855 30460 80654 69496 
9956 13
38387 86895 84525 882 97509 26478 73679 51185 46911 83481 32066 34601 39065 
5299 11
26872 98286 55542 79448 86125 50784 60588 24657 93645 30447 54506 
4313 12
27686 53735 48231 99308 78749 85470 21468 45976 30755 11128 4332 59 
3301 20
89106 71697 4023 40547 96993 70229 38908 87044 31788 19561 16442 35755 17449 4947 8738 19556 2972 92476 1990 25109 
1955 16
18445 33254 29199 12622 34815 83997 43861 59067 13105 47635 23107 82553 76191 85930 83672 63577 
1936 10
77836 64943 25943 81793 35664 95738 20331 82705 40500 79552 
7772 12
74627 50607 39201 77984 84743 6211 15105 57253 17269 13011 28204 36483 
2096 15
68033 41407 31719 16507 92079 50863 85637 46189 64529 49534 90985 34037 46889 68181 29115 
822 13
99608 8699 44944 80095 13934 77812 70989 22919 922 77822 9044 83102 36123 
1555 18
84057 11313 83990 21476 6024 4985 22605 59340 35507 6096 10250 93744 16113 54372 13741 57008 43350 23692 
9413 17
9212 77804 78612 43304 70530 49797 87152 56866 77867 21171 37757 127 41591 98988 49055 8928 41002 
4747 15
66118 99026 67265 83455 62706 90051 85373 73658 38173 18335 37252 77851 39334 23270 88551 
8079 16
12234 7197 82065 21614 61137 78175 41092 81894 88329 8205 40346 42415 18718 78690 14251 35705 
7584 17
40246 71995 18981 72986 21488 23420 51486 62506 17949 86386 64265 99672 92705 39153 8135 1783 75741 
9632 13
30482 30694 47147 31243 91243 56254 93968 11726 50180 80952 87415 8537 80027 
3139 14
53065 10883 89733 72299 31626 37825 31857 38151 89178 71431 82019 39342 30075 42701 
8303 10
74081 10372 65494 38797 75871 97887 99530 86922 34574 15817 
4730 18
76991 49594 31199 68770 87813 33724 22078 9219 76599 58981 40011 66066 60544 70758 70749 67578 60736 10529 
9139 17
71303 6884 42268 58246 84966 95334 72003 92274 64792 9723 33621 14898 93889 87919 10873 15943 23623 
3156 17
17659 20300 68184 70022 41816 5883 48445 18056 43827 44433 94725 82727 50115 69169 60921 41314 93278 
8534 13
80071 84302 37898 17498 29668 57696 84520 86509 77373 33987 74239 88065 93623 
1678 13
32136 8723 6096 4577 68073 77902 81415 77147 64248 25878 22522 90171 88823 
8122 10
6121 62802 98957 22757 53274 55650 70857 93036 99042 93479 
2810 14
20616 97101 45996 19048 87619 89705 22565 88796 96518 6405 51528 31727 19061 36956 
3970 14
90280 80384 1978 2949 88203 74394 58686 32750 84154 81727 37441 55053 3427 55513 
8651 17
29347 31493 39508 51171 25462 39193 97194 43346 89367 49212 49211 67789 50717 39478 11361 18893 40752 
3921 17
60181 1420 74507 45079 43430 89556 76490 63852 54401 89729 15053 86890 61771 14659 43480 46074 85820 
1243 10
53716 81991 11720 30294 45667 95145 34869 8279 97141 13218 
5992 19
84303 56265 25656 48718 35818 33392 43879 13735 79453 63560 10937 96542 76410 97239 9899 70214 60611 72864 93708 
1044 14
32697 14907 35191 47616 60239 36160 60633 60159 46398 72992 94797 2081 51997 46663 
8249 12
37418 91503 96403 38780 57437 47985 13897 3773 65543 92133 28731 34308 
6038 15
13630 5541 47571 59852 29502 8411 87232 13308 74830 42732 82626 55969 27151 22669 12651 
3788 19
54384 45294 5704 99265 26619 4613 94641 54710 20704 18810 67305 91594 98751 89924 89413 20309 79613 35027 94356 
1698 15
94993 42802 21794 22986 79537 76181 86634 42392 3676 63002 71999 45256 86330 44856 63603 
8463 12
62583 85826 28102 12765 27624 6843 98328 97791 5600 48924 81485 28120 
4245 12
1261 13249 95230 49757 51737 62112 30999 58098 30077 47418 13323 27749 
9450 13
54552 4898 15265 87559 65268 37346 7204 26656 24297 56124 94101 26143 34613 
8252 20
7933 15644 66036 24053 29847 62528 1999 37139 3773 95482 75849 23250 43887 48007 82089 41332 36571 70777 22870 36026 
4363 11
60105 31016 54 58780 9418 48431 33321 97137 3564 63050 33146 
35 10
14697 7718 38402 52920 16035 34846 45746 17816 39949 23008 
1062 11
36696 11025 22742 29627 50429 12491 61726 46832 4562 37161 84559 
4472 12
77229 6311 22 35070 91501 96709 24982 44076 13360 11639 74212 68847 
8174 17
21511 77403 89563 86736 28054 31207 609 70524 25361 61041 70808 13926 52739 17294 1372 16501 96761 
7384 16
68034 88240 62313 56319 31705 56831 87360 13395 72666 32486 12128 95648 81332 22345 24652 82847 
5679 12
36692 82716 91102 43007 67779 11571 76256 26720 3053 73192 78727 9884 
9684 10
37876 73409 42277 37209 83783 11427 29880 6718 44035 60421 
8856 18
51397 84352 92966 11056 9159 73870 24370 52675 93358 10002 22168 89133 11143 22229 48490 40028 38140 30784 
3613 20
27244 55759 44158 37763 28634 4461 4368 19254 43355 31038 26915 77609 68941 30742 25581 14696 21856 64790 63209 91166 
2966 10
31579 98280 68252 39107 42122 23099 35082 5469 8283 86167 
8505 19
40259 10869 68405 75626 80284 70781 99498 63958 91543 64527 35399 4848 53693 86182 62215 44883 51950 82264 68816 
795 12
70695 70711 75551 4092 12957 89344 81509 13856 62514 47534 18318 61631 
8300 12
62377 15770 73038 54196 92704 51039 9754 41532 60051 33813 10836 31408 
8860 15
22107 65666 20279 33211 84585 86828 8608 7541 17304 41353 46033 14415 20185 78009 88729 
5968 11
15547 19106 92878 17157 34276 45326 53808 24225 25980 52656 72515 
1269 13
43551 83339 65460 16327 42034 31493 83487 7718 65737 84144 21019 88351 69219 
9462 10
68769 72503 56908 15540 79665 59697 45433 89891 60482 28848 
8663 11
49876 6134 17711 8726 9850 60655 43539 56195 38608 97554 87246 
7005 17
31766 47204 62622 22817 77842 17223 68978 95367 57825 99895 43702 87675 42667 93059 38045 99761 86192 
6459 19
75475 73898 50834 75329 98174 81837 41535 53526 31750 39579 81297 19844 62132 57409 85041 13996 89102 18836 61506 
6662 14
22401 11990 65002 63706 67410 53378 77505 33638 44556 46197 59662 64323 95718 2576 
1415 12
67311 60818 12331 89423 36581 59570 83073 77295 11057 18746 86353 35560 
7101 19
40947 27529 51475 32767 91494 91892 39203 57753 69665 6310 64226 25994 80942 38707 24687 92569 11319 1131 2410 
6970 15
99291 46258 46138 6427 57776 14732 37088 56262 99953 79380 89421 22466 61585 39051 52680 
3355 14
66233 16639 28338 74434 53909 2186 28985 5956 3972 39247 67063 17052 82099 85455 
8750 18
87766 31847 58401 62683 92134 56668 74777 7264 9468 44610 22364 32270 34853 49185 38092 51553 88161 83312 
9207 15
66648 92322 52375 55619 20404 81410 71464 26043 31623 9954 99601 16170 98717 5809 1997 
6222 10
25636 20300 12322 30260 76964 80383 96757 94677 97788 79679 
4293 16
14851 26784 44940 96517 39038 62345 55306 90629 56494 7037 8995 21361 23588 50667 16419 19721 
5300 17
68007 31632 35042 48327 66943 38344 29553 79246 34016 95188 1720 68359 74157 66613 7991 64788 1074 
5659 10
2210 90870 30775 45959 9670 15089 46292 38184 732 65543 
7342 12
29453 46114 43123 9383 6268 70137 50454 97495 58995 42109 60460 10937 
1843 17
87532 36624 79895 37441 92956 20750 54642 15645 52837 45113 60475 55459 28056 43019 76691 6511 62212 
9575 17
60167 12528 156 6882 67740 96219 64191 54694 7161 56036 8687 89330 89054 38374 88866 46723 59233 
7562 12
78604 34662 10861 15900 58328 445 69906 79236 23574 94315 71421 29837 
172 10
94827 78037 70045 40484 59860 42999 9363 30433 31032 27524 
1097 10
67248 74675 38974 17246 84461 19570 76006 41182 36934 62296 
6779 18
81514 64426 32041 55496 17379 47812 23458 26920 47364 64219 41851 80698 28854 42236 97360 2282 24773 96152 
9631 15
42284 16931 12160 44312 9033 83914 82475 77845 80957 52515 97215 77546 63657 21990 59079 
1718 11
17970 13814 42964 58366 94375 9359 45643 42103 85133 7862 85085 
171 18
33601 76712 1041 6770 96480 28062 93834 77844 25686 19756 98551 96439 14190 46997 8249 43211 52473 83172 
3759 11
20398 28921 40220 78461 81319 9966 27828 39390 98039 70881 98176 
3451 12
42694 8338 75367 35367 26070 35432 46614 94360 6588 12294 35345 1958 
5287 20
25386 25182 74984 28737 70320 78017 8987 3028 10141 27536 45300 7137 85930 80276 3206 6389 74627 61540 69034 84768 
619 18
69605 63639 90525 32558 28694 73884 62088 19497 60621 75448 40418 65213 93396 94035 56635 21046 29412 5153 
6358 15
31301 8841 31332 24699 25838 57792 28890 24049 76175 61447 34072 59815 72205 95859 80031 
4151 19
94044 16075 81026 2007 55596 90768 1414 4293 4371 13876 50777 21082 64586 4716 80372 87260 83535 23247 61369 
9024 16
8309 37413 23986 35144 26190 80736 77364 81011 53122 41138 38005 88751 61420 75792 87804 1252 
2169 12
86227 41292 5225 9222 4505 44380 67951 12746 65886 14198 82067 68097 
7259 16
72463 14752 40686 32807 40291 76191 70983 14943 76989 5724 28997 28376 44513 25195 28395 65832 
2369 11
77730 58935 69416 22339 46805 88245 95906 74343 46206 58455 54201 
7965 11
60250 21517 16150 67639 90004 71423 39704 87475 62485 41030 45263 
9811 13
5000 2426 52275 88952 53909 77195 66162 72607 46074 98635 66540 46964 92579 
369 20
9741 3212 42756 79272 68137 30841 6355 15393 78547 77410 26625 51246 32053 92968 9739 35058 13634 74289 72504 5709 
5948 13
21026 37934 73319 84791 57115 33742 28857 50950 62993 42117 80915 94212 4378 
7828 13
86775 47062 57312 53811 35881 95914 49407 83065 37195 54461 55567 5507 66918 
6031 20
28934 25933 12241 93202 32328 89317 13299 28802 99007 83325 69625 55313 70466 23922 77082 94439 68286 89846 64514 76663 
8442 16
21380 85364 3051 4402 84745 94676 81760 6592 94525 60925 57194 24532 33149 56021 27227 44710 
3359 14
29653 42643 88827 98757 21187 85157 4629 10427 35819 67275 121 60622 83642 60390 
9822 16
77581 99677 33601 78886 99995 17524 15665 64185 6489 73474 80800 23017 63649 46839 6557 49397 
3584 10
81891 8058 72682 76939 31535 46150 1230 10706 56888 27690 
5395 14
29861 83636 25769 14443 2381 30319 55325 84003 83314 14431 88841 64446 91867 46964 
853 18
32916 12851 28523 91403 57405 29122 13958 78235 22336 83199 56000 6295 89060 32160 35198 26715 11000 59277 
5665 14
74985 85810 90147 23015 3460 9186 70373 83759 44135 22498 72290 28842 35461 72065 
5147 16
3587 25915 11510 62803 4505 72544 53547 7494 76297 35705 44093 88450 22453 72695 98183 5397 
76 17
67143 71229 19617 1634 46769 81635 99304 95928 91509 21821 54818 77142 42055 66622 36898 98446 7302 
1017 12
21261 55008 97303 2614 90161 24481 67389 9129 60424 30801 79830 25215 
862 11
53400 97954 12920 86469 44402 36044 15576 52181 40900 15414 92418 
3957 14
31778 69539 94704 66732 47833 57425 51174 58342 7543 59251 51680 62852 80855 35096 
5456 18
25761 37659 22032 87086 57034 23064 2724 36677 65290 6079 52154 26549 71499 59519 2203 82694 8211 83731 
7151 10
86023 10556 31687 21172 17264 75861 38851 56613 41231 61179 
8695 18
81040 68652 16115 88096 90469 49874 59758 56484 15204 65975 27877 79720 86649 94710 41061 45625 81554 66047 
7995 17
7514 47295 72285 28990 19974 74621 76518 78404 30852 96627 55364 5768 25285 38128 77993 95027 64041 
1961 12
64869 56864 40565 51178 94046 37123 90931 77314 69378 96015 56576 57916 
6170 12
24112 90441 85423 84818 29098 42708 58243 81562 41313 89924 24139 87561 
8977 10
35909 57923 45346 8352 12943 65705 15729 10076 43328 53051 
26 11
55793 33647 28825 57812 18513 79353 89591 31193 38644 36834 21296 
2985 19
84273 95068 60726 51017 81301 31850 85650 84959 34879 60130 94195 73927 18528 43834 61028 33431 25908 96818 23427 
424 10
33493 36024 24611 82517 30392 19987 84062 26145 7313 77707 
3306 17
83493 37210 33651 16998 78504 89523 46355 91251 49472 59778 78551 41945 79610 74779 51387 62590 37296 
125 19
38475 11431 13083 33912 24555 61022 35507 42699 98081 45043 24320 25834 17310 27867 5506 11494 36357 52647 656 
8980 19
31898 66435 89104 89455 62517 10443 59705 93758 40741 51046 82184 94757 71553 19127 47794 33813 38563 87720 3363 
666 18
30881 67875 6572 57487 25193 14705 26993 36233 14885 9951 99567 92957 13783 74264 2834 71517 21912 58181 
